                                       7724088888888888805777                                       
                                  75088888888809444440888888888027                                  
                             7488888884277                7724888888827                             
                          288888852                              258888842                          
                       28888817                                      74888842                       
                     488882                                              588882                     
                  798885                                                   748884                   
                 08882                                                        28885                 
               48887                                                            28885               
             28882                                                                28887             
            9885         24               2722225252222222              757         0881            
          78887       79884          22521152225212152255521222         748857       2888           
         7884      748880         15412721177757 22 22772152725552        288881       8887         
        2882   747788887       225527 7122  752  42  51   2527 225122       28888724    5887        
       2887   081788847      25547   257    51   51   52    212  725452      788887084   2887       
      2887  7882 888721    244222522257    257   27   757    252212225452    477888 888   2887      
     7887 77088 0877482   5457    755255412227 7250527722255452117    2541   282778278857  288      
     887 747884 771882  2441      55   2222522488728887722227  252      295   188277 888707 588     
    089 7827887708887  245       547      25  888775880 57      241      7452  288847788798  882    
   288  88778518847   242       202       55   27778887 51       242       212   29882087289 7887   
   882 288778882722  2427       42       242     2882   55        51       7252  5275888 2887 489   
  288  988278477887 7422544522721        252     09     257       7577255455215  2807708 4882 7887  
  882  08847770887  55   255552222522222 71      17     727 222212222255522  742  58857770881  484  
  88  75884 28882  242        7572255445222214528880245522215454517727        247  48887 88877 788  
 780 24788228887   55         15        7227222758827227722        752         51   78887488707 887 
 482 88 581885 97 242         54         52      77      52         55         55  227088482 85 982 
 087 88778882 08  257         42         52  7772222777  25         55         242 782 5888 780 184 
 887 889 182 088  25          52         277455888888554 72         25          52  882 487 884 788 
 887 4887 8 0887  5121554555522222222777775887 778877 2882777777222222215545512252  588270 5882 788 
 887 78887 5888   2522252525222777777725088887 748857 7888805277777772722525222722  78887778887 788 
 887  8888 88877  21          271888888888882  170575  588888888888772          52  72880 8884  288 
 087 278887884 8  242         278888888888887   7887   288888888888872         252 28 889788872 185 
 282 877884887781 752         758888888888882   8885   588888888888827         25  08 780980 18 082 
 788 887 4888 288  55         708888888888888   8884  788888888888884         742  887 8882 781 887 
  88 7882 788 888  742        7888888888888882  8884  0888888888888887        15  7884 887 4887788  
  982 9888775788877 247 21545228888888888888887 8884 28888888888888887245522 257 7788874778882 985  
  788  9888177888742 25255522 7888888888888888874882788888888888888887 21251112 527888 708881 788   
   885  7888874887782 22      0888888888888888888888888888888888888885      22 4877882788887  085   
   7887 7748887887 887 15     8888888888888888888888888888888888888880    712 188 4807888277 788    
    588 2877288880 0887 152  78888888888888888888888888888888888888888   252 7882 880882 787 882    
     881 0827 758877888  757 788888888888888888888888888888888888888887 227 7888778857 7482 884     
      887 588077 727888272777288888888888888888888888888888888888888887777274880747  78882 588      
      7887 78888027 78887887728888888888888888888888888888888888888888777847888 772888887 588       
       7887  288888877084 882288888888888888888888888888888888888888887488 889728888887  488        
        7885   22088880882 8888888888888888888888888888888888888888888880 08808888027   888         
         7888  2577772548827488888888888888888888888888888888888888888857488457777757 7888          
           0887 288027777777 759888888888888888888888888888888888888427 777777728887 2884           
            2889  7888888888880888884888888888888888888888888880888800888888888807 78882            
              8882   75598888884277 7088888888888888888888888847777208888884427   5884              
               28882  72777     772888888888888888888888888888889277     7722   58887               
                 28882 71888888888888888888888888888888888888888888888888882 748882                 
                   588847 720888888128888888888888888888888888825888888477 708882                   
                     288882         2888888888888888888888888887        7188847                     
                        5888807     4888888888888888888888888882    72088881                        
                           5888888270888888888888888888888888885728888881                           
                              2988888888888888888888888888888888888857                              
                                   777725490808080888080044127777                                   